Dataset_name,B1,B2,B4,B5,B7,B8,Cluster_count
Admissions,0.854,0.751,1.032,0.879,0.784,0.875,1
Admissions,0.995,1.763,2.084,1.706,1.460,1.821,2
Admissions,0.806,2.856,2.319,2.850,2.135,2.585,3
Admissions,1.109,3.322,3.528,3.415,2.478,3.094,4
Admissions,0.778,3.410,3.569,3.899,3.306,3.984,5
Amazon,5.497,4.792,4.420,5.479,3.384,4.953,1
Amazon,5.806,6.660,4.219,6.498,3.082,6.345,2
Amazon,4.756,5.690,3.353,6.727,2.963,7.384,3
Amazon,4.845,7.462,4.462,8.051,3.483,7.027,4
Amazon,4.887,6.585,5.859,5.698,5.043,7.934,5
Boston,2.160,1.855,1.435,2.040,1.197,1.997,1
Boston,2.492,4.574,2.141,2.199,1.866,2.126,2
Boston,2.166,5.365,2.097,4.727,1.902,3.097,3
Boston,1.919,5.494,2.794,3.486,2.563,4.519,4
Boston,1.894,8.569,3.291,4.237,3.488,4.162,5
Crime,6.394,5.981,1.435,6.222,1.178,6.208,1
Crime,6.466,2.467,2.367,2.540,1.672,3.872,2
Crime,6.459,3.434,2.756,4.261,2.156,3.402,3
Crime,6.544,4.024,3.658,5.000,8.496,5.093,4
Crime,6.379,5.076,4.105,6.430,3.469,6.142,5
Diabetes,0.874,0.753,0.935,0.939,0.815,0.940,1
Diabetes,0.852,1.428,1.810,1.665,1.415,1.698,2
Diabetes,0.856,2.161,2.577,2.291,1.921,2.331,3
Diabetes,0.840,7.429,3.938,3.233,3.356,3.197,4
Diabetes,0.844,5.620,4.097,3.548,3.467,3.500,5
Fish_weights,0.817,0.728,0.903,0.941,0.839,0.946,1
Fish_weights,0.786,1.579,2.095,1.650,1.577,1.814,2
Fish_weights,0.767,2.395,3.580,3.910,4.258,3.988,3
Fish_weights,0.775,2.957,3.857,3.653,3.388,3.994,4
Fish_weights,0.760,4.035,5.695,3.551,4.914,4.376,5
Insurance,0.743,0.692,0.874,0.871,1.286,0.899,1
Insurance,0.755,1.319,1.579,1.470,2.149,1.489,2
Insurance,0.785,1.942,2.238,2.205,2.370,2.142,3
Insurance,0.744,2.502,2.744,2.843,3.202,2.807,4
Insurance,0.744,3.108,3.787,3.435,3.445,3.483,5
Nhanes,1.337,1.327,1.426,1.610,1.233,2.186,1
Nhanes,1.380,2.002,2.042,2.401,1.952,2.231,2
Nhanes,1.458,3.043,3.121,2.756,2.339,2.690,3
Nhanes,1.297,3.475,3.548,3.834,3.021,3.874,4
Nhanes,1.314,4.350,4.515,4.798,3.637,4.317,5
NYE_Airbnb,3.116,3.113,4.430,4.192,2.477,4.265,1
NYE_Airbnb,3.708,5.908,3.884,7.318,3.418,4.493,2
NYE_Airbnb,3.327,7.071,4.160,5.547,4.402,5.317,3
NYE_Airbnb,3.134,4.375,5.601,6.516,5.579,5.002,4
NYE_Airbnb,3.387,6.259,6.276,7.518,7.434,5.440,5
Student_grades,3.232,2.593,1.601,2.833,0.851,2.793,1
Student_grades,2.902,1.925,4.033,3.580,1.827,3.503,2
Student_grades,2.920,2.444,5.140,3.677,1.992,3.640,3
Student_grades,2.878,3.482,3.669,3.569,2.898,3.402,4
Student_grades,3.003,5.870,4.463,4.372,3.418,6.276,5
Liver_Disorder,1.055,0.585,0.623,0.678,0.750,0.756,1
Liver_Disorder,0.676,2.241,1.279,1.216,0.962,1.234,2
Liver_Disorder,0.688,2.586,1.709,2.275,1.441,1.767,3
Liver_Disorder,0.702,2.953,3.171,2.825,2.121,2.434,4
Liver_Disorder,0.798,2.685,5.234,4.750,2.524,2.881,5
Satellite,5.856,5.474,6.418,5.985,1.466,5.942,1
Satellite,5.728,5.455,5.406,5.770,1.905,5.244,2
Satellite,5.692,5.446,6.221,4.568,2.601,6.625,3
Satellite,4.994,6.050,6.587,5.589,3.296,4.798,4
Satellite,5.067,7.228,6.932,6.899,3.641,11.977,5
Wine Quality,5.026,4.014,1.847,4.576,1.768,4.404,1
Wine Quality,4.462,6.872,2.465,9.019,1.801,8.763,2
Wine Quality,4.049,5.140,2.896,7.760,2.436,7.684,3
Wine Quality,4.239,8.961,3.633,9.320,3.312,8.857,4
Wine Quality,4.330,9.828,4.442,10.086,4.145,8.529,5
Banking Data,2.910,2.708,2.262,3.480,2.180,3.650,1
Banking Data,3.171,5.117,2.714,3.917,2.589,4.029,2
Banking Data,2.574,4.070,3.657,5.598,3.441,4.044,3
Banking Data,2.793,7.257,4.782,5.199,4.158,5.663,4
Banking Data,2.740,10.541,4.762,6.916,5.163,5.762,5
Balloon,0.629,0.599,0.858,0.859,0.899,0.860,1
Balloon,0.697,1.482,2.401,1.959,2.443,1.850,2
Balloon,0.677,2.877,2.835,2.546,2.756,2.509,3
Balloon,0.713,3.447,4.051,3.305,4.533,3.422,4
Balloon,0.870,4.642,4.922,4.104,4.496,3.879,5
Quake,0.786,0.783,0.918,0.950,0.886,1.043,1
Quake,0.842,1.640,1.973,1.529,2.811,1.500,2
Quake,0.749,2.552,2.760,2.242,3.512,2.280,3
Quake,0.798,3.019,3.381,3.190,3.845,2.945,4
Quake,0.760,4.018,4.159,3.752,3.180,3.559,5
Auto Price,0.627,0.655,0.787,0.937,0.704,0.766,1
Auto Price,0.693,1.449,2.831,3.178,2.397,2.639,2
Auto Price,0.732,3.243,4.294,4.651,3.634,4.472,3
Auto Price,0.705,3.448,5.969,3.260,3.849,3.164,4
Auto Price,0.639,7.162,7.692,4.213,5.274,4.507,5
Friedman,12.698,11.782,9.290,12.333,10.483,12.683,1
Friedman,12.869,15.340,11.137,11.884,9.405,11.486,2
Friedman,12.338,16.163,11.306,14.394,13.314,15.677,3
Friedman,12.506,17.191,12.114,14.960,13.038,16.538,4
Friedman,12.447,23.514,13.354,14.127,14.016,19.221,5
Sales,1.688,1.503,1.166,1.892,1.252,1.899,1
Sales,1.634,1.707,1.562,2.720,1.532,2.753,2
Sales,1.661,3.004,2.176,3.836,2.000,3.633,3
Sales,1.707,4.293,2.655,4.046,2.477,3.956,4
Sales,1.635,5.441,3.516,4.208,3.157,4.639,5
Telecom,33.713,31.766,26.936,29.899,9.332,30.039,1
Telecom,31.838,32.035,19.459,31.794,6.329,22.706,2
Telecom,31.292,25.683,16.533,28.445,7.467,21.308,3
Telecom,31.469,26.586,19.313,36.562,8.762,34.876,4
Telecom,32.811,32.346,19.467,22.135,10.049,31.682,5
CPU Activity,4.603,4.841,4.500,5.115,1.623,5.115,1
CPU Activity,4.911,9.842,5.918,6.165,2.453,6.129,2
CPU Activity,5.073,5.934,4.858,6.604,4.640,6.305,3
CPU Activity,5.311,8.190,7.965,8.929,4.511,8.048,4
CPU Activity,4.829,10.122,6.908,12.307,4.849,10.346,5
Music Origin,3.331,2.999,1.287,3.502,1.073,2.989,1
Music Origin,3.911,5.037,2.194,5.359,2.063,4.541,2
Music Origin,3.758,3.511,2.676,5.350,2.494,3.878,3
Music Origin,3.028,3.983,3.768,7.200,3.320,4.527,4
Music Origin,3.792,5.817,5.860,7.252,6.801,6.538,5
Employee Accept,0.984,0.880,1.437,1.143,1.241,1.149,1
Employee Accept,0.990,1.738,1.789,2.053,2.111,2.020,2
Employee Accept,1.001,2.700,2.235,2.705,3.793,2.555,3
Employee Accept,1.001,2.810,3.043,3.701,4.384,2.865,4
Employee Accept,1.000,4.000,3.427,4.265,5.546,3.316,5
Soil Data,16.137,14.802,4.294,14.184,10.622,14.498,1
Soil Data,16.289,19.635,10.093,15.035,18.095,12.749,2
Soil Data,15.541,5.103,12.066,3.254,17.496,8.519,3
Soil Data,15.555,8.839,13.556,5.204,22.920,9.191,4
Soil Data,15.570,7.792,14.482,8.784,17.261,10.677,5